Scary machine gun fire
{
  "sound": "G-wave",
  "params": [256,1,6,5,0,0,0,4,57,0,0,0]
}

Game Over
{
  "sound": "G-wave",
  "params": [15,1,1,5,0,2,7,4,49,0,0,0]
}


Buzz up
{
  "sound": "G-wave",
  "params": [3,1,1,2,144,-1,256,4,59,0,0,0]
}

Sinistar scary machine gun fire
{
  "sound": "G-wave",
  "params": [14,2,8,5,144,19,2,4,26,0,0,0],
  "periodCurves": [40,1,2,38,3,4,36,5,6,34,7,8,32,9,10,30,11,12,28,13,14,26,15,16,24,17,18,22,19,20,64,1,62,3,60,5,58,7,56,9,53,12,50,15,47,18,44,21,40,25,36,29,32,33,32,33,8,64,8,64,8,64,8,64,8,64,1,2,3,4,32,24,32,1,1,48,40,48,30,2,27,4,35,7,29,1,34,3,25,9,31,6,26,5,28,11,33,8,32,10,64,16,8,1,8,128,16,120,24,112,32,96,40,88,48,80,64,72]
}

soundcpu.rq@fa16 = E185901302043318

FA16:  E1 85 90 13 02 04 33 
FA16:  F1 F5 90 13 02 04 33 
FA16:  F1 F5 90 13 02 04 1A
FA16:  E2 E5 90 13 02 02 23
FA16:  01 65 00 00 00 04 39 
FA16:  F1 63 00 13 02 04 39
FA16:  86 C3 16 13 B7 04 3F
FA16:  85 C3 16 13 B7 04 1D
FA16:  85 C5 16 13 B7 04 1D
